from: 176645 / percent rounded / percent default / found searched word(affe) 0 times

a: 6719x / 4% / 3.8036740354949194%
b: 6802x / 4% / 3.8506609301140706%
c: 6696x / 4% / 3.7906535707209374%
d: 6782x / 4% / 3.839338786832348%
e: 6720x / 4% / 3.804240142659005%
f: 6745x / 4% / 3.8183928217611594%
g: 6706x / 4% / 3.796314642361799%
h: 6799x / 4% / 3.8489626086218123%
i: 6793x / 4% / 3.845565965637295%
j: 6818x / 4% / 3.8597186447394494%
k: 6812x / 4% / 3.8563220017549327%
l: 6808x / 4% / 3.8540575730985878%
m: 6729x / 4% / 3.8093351071357806%
n: 6858x / 4% / 3.8823629313028953%
o: 6798x / 4% / 3.8483965014577257%
p: 6813x / 4% / 3.8568881089190183%
q: 6691x / 4% / 3.787823034900507%
r: 6752x / 4% / 3.8223555719097626%
s: 6897x / 4% / 3.9044411107022556%
t: 6874x / 4% / 3.8914206459282745%
u: 6838x / 4% / 3.8710407880211726%
v: 6801x / 4% / 3.850094822949984%
w: 6926x / 4% / 3.9208582184607543%
x: 6650x / 4% / 3.7646126411729743%
y: 6927x / 4% / 3.921424325624841%
z: 6891x / 4% / 3.901044467717739%