from: 1000 / percent rounded / percent default / found searched word(affe) 0 times

a: 42x / 4% / 4.2%
b: 40x / 4% / 4.0%
c: 54x / 5% / 5.4%
d: 29x / 3% / 2.9000000000000004%
e: 39x / 4% / 3.9%
f: 41x / 4% / 4.1000000000000005%
g: 41x / 4% / 4.1000000000000005%
h: 37x / 4% / 3.6999999999999997%
i: 35x / 4% / 3.5000000000000004%
j: 34x / 3% / 3.4000000000000004%
k: 39x / 4% / 3.9%
l: 39x / 4% / 3.9%
m: 33x / 3% / 3.3000000000000003%
n: 44x / 4% / 4.3999999999999995%
o: 48x / 5% / 4.8%
p: 33x / 3% / 3.3000000000000003%
q: 52x / 5% / 5.2%
r: 38x / 4% / 3.8%
s: 27x / 3% / 2.7%
t: 43x / 4% / 4.3%
u: 35x / 4% / 3.5000000000000004%
v: 29x / 3% / 2.9000000000000004%
w: 40x / 4% / 4.0%
x: 34x / 3% / 3.4000000000000004%
y: 34x / 3% / 3.4000000000000004%
z: 40x / 4% / 4.0%
